-1.272095250635062180e-02
-1.691855722509301094e-02
-8.053460454485555226e-03
-6.316530498653454354e-03
1.367081895679311127e-03
-7.430937540374389421e-04
-3.863736290641501311e-03
-5.014142771517494067e-03
1.172513261358318522e-02
3.796349742961250412e-02
3.534807368049906057e-02
3.126649674562315129e-02
2.414877446202282063e-02
2.690392650802191088e-02
3.011548026473029674e-02
3.001831098549738105e-02
4.105368261997540541e-02
6.619563927009208815e-02
5.143450692253974388e-02
3.475376082295871666e-02
5.983861397844651014e-02
-1.211864220701959656e-02
1.030636786113609538e-01
-3.147623214388328705e-02
-3.000292635440978892e-02
2.567783109940176556e-01
5.597593102223429318e-01
-2.124792267502764037e-02
-2.672192404741123573e-02
-3.139711501360555740e-02
2.823789241661815025e-02
1.272279264859793868e-01
3.060265647576248388e-02
-2.891468361274750470e-03
8.090296236639654692e-02
2.543346706482049191e-01
5.866368042258941068e-02
2.526888140336315536e-02
8.818702353057288057e-02
8.545082057356996608e-03
-2.202487391996960867e-03
-2.816180533080685222e-02
4.041840893634338766e-02
3.267499697346373799e-02
-6.277316309082653367e-02
-3.641837183855006072e-03
-2.080779820896969459e-02
-2.332980134471955916e-02
-2.631058441236084483e-02
3.942238999875143438e-03
-1.367620911619686283e-02
-5.943744566659971834e-02
-1.036756564730906618e-02
1.464061156788742657e-01
1.915103450325283388e-03
-1.353241519491374910e-02
-2.818236527434862717e-04
-7.323155133018421394e-03
4.902574613092318054e-03
-1.232218710111502268e-02
-3.655481758397460812e-02
3.417165879384972613e-03
1.056884323764712974e-01
9.755816924699053927e-03
4.336508995786627838e-03
-7.129191560523109698e-03
-9.240334767762432844e-03
-8.227436742044409723e-03
-2.919914423080066310e-02
-3.047245586523700256e-02
1.134944260431880111e-02
9.281576528966563322e-02
-7.018691625747134309e-03
1.271478789263773973e-02
9.914046171256811826e-03
-3.654612349564796171e-03
-1.081221014219801123e-02
2.180743566978640691e-02
-1.014058465366219144e-02
-1.092448787336177188e-02
7.017952784925274301e-02
-5.991020679822688056e-04
2.052805026008202791e-02
2.187738485675813638e-02
-5.926966449994174740e-02
4.959316024162403747e-02
1.989425272386670662e-01
-3.607799290329170017e-01
7.552686166613982455e-02
8.364221602483900009e-01
-9.423874900107298558e-02
-6.093693633935312604e-02
-1.113933697406025991e-01
-4.501633334381172774e-02
-7.486334244508716096e-02
3.291029993370394452e-02
-2.071800583418707126e-02
-4.333332570054633515e-02
-1.144145203523816295e-01
6.088356907699802971e-03
6.688251428439137558e-03
-2.435360211961411225e-03
-9.413009849059161480e-03
-9.359845078217601116e-03
-3.312321856340577023e-03
-9.023300201412004853e-03
4.103462997453356451e-03
1.038622951795092376e-02
-3.039888091526481845e-02
3.111970426429124317e-02
-3.566046360799662168e-02
-2.626074588751657612e-02
2.687195283172468321e-02
3.099321618718819948e-02
-4.173784563333685083e-02
7.483171942823714506e-02
2.310582277517630179e-01
1.788239969103260635e-02
1.363513115680140388e-03
2.056671198335798673e-03
-3.816747394300515957e-03
7.874256981532903182e-03
1.861129901063964670e-02
3.175717571060854977e-02
6.993355636768902595e-02
-1.054390483561151448e-01
-4.858658059052300396e-05
3.073700528788087926e-03
-3.787986932839010595e-04
2.674447025741877749e-03
8.802044743058361881e-05
2.077607602613793913e-03
-1.956252910384688980e-03
1.132944559789740699e-03
5.621723842706315881e-04
-1.754135475409018341e-03
-7.213669846859633878e-04
3.341729869654368255e-04
-2.845009522658044354e-03
6.838766430903574787e-04
1.298726605678915164e-04
-3.859388225440664455e-04
-2.967940284076472056e-03
3.730234511405664693e-04
-3.345584104916785040e-02
-1.294880986153886665e-02
8.310518397878942712e-03
-1.721118671210557227e-02
-7.735265308604953940e-03
-1.908677357546905567e-02
-5.497312531983311601e-02
-6.264159366922276984e-02
-3.581041176498410417e-02
-2.571853231301091461e-02
8.090998996191591311e-03
-3.190429630014196549e-02
-2.711613454943135812e-02
9.398682703323772702e-03
5.973759457436386699e-02
-2.764894024190356694e-02
-6.130257275125781252e-02
-7.702431765587886524e-03
3.028641184801664915e-02
