6.427204251694289272e-02
-1.526915558781064552e-01
1.052904941114060633e-01
-1.024485744171556023e-01
5.381770730965963236e-03
1.325810370032406704e-01
-7.999984255741694750e-02
-2.487462246360915563e-01
2.380386954910322372e-01
6.692172067469961960e-02
5.531745716911979499e-02
1.342518496044261544e-01
-7.269047574771260456e-02
-7.160499576270648592e-02
1.971926458402506466e-01
1.091936206850627894e-01
2.465928667406416253e-01
7.053579582313194152e-01
-3.726500690710109892e-02
2.457694902756598354e-01
1.371292438573919470e-01
-4.855738926125651722e-01
5.237664205711352050e-01
-1.470937508559512774e-01
-4.082340751394282763e-01
2.240985868495549427e-01
1.122410399117532043e+00
-4.092519747540758757e-01
6.661547930774625037e-01
-6.344938803024672280e-01
5.307930456665552882e-02
1.172043431429552029e+00
-6.802469994531260555e-01
7.991328560938988357e-01
-3.370263448080410562e-01
1.163398368566352925e-01
8.448583887138504112e-02
4.966255579972951584e-02
9.910422214924452522e-02
-1.487542883591931597e-01
6.482766125105459895e-03
-7.986014350520995175e-02
-1.652292964393882804e-02
2.150656994912385905e-02
1.106091525763859204e-02
2.277533805855172164e-02
-3.691485202969558687e-03
-7.904462213719263761e-03
-1.563532177030072523e-01
-2.371116086091971248e-02
-2.053795167872714961e-02
-8.819328522118552449e-02
-1.419521139841831980e-01
2.479997088375963665e-01
-3.317968560012073131e-02
-3.979788534703877084e-02
-3.857882108751666504e-03
1.184575333526720897e-01
2.207842502517006963e-02
1.240956343610447044e-02
4.227532757708738625e-02
5.496126917086320562e-02
-5.064975916543860111e-03
-1.235654225849324361e-03
1.665108130641541201e-02
-8.979279639916046968e-03
-2.219768264235500582e-02
1.315065523600370684e-02
-3.752033547882425990e-02
-1.915282134719381232e-02
-3.857983906712653035e-03
8.666893236638574527e-02
5.983835908236293313e-03
6.360351461583048892e-03
-3.175670714962963628e-03
1.923625238794534134e-02
-1.380109999301122430e-02
2.867828292499681377e-03
1.585016496710870207e-03
-2.850368291450972990e-03
5.129559493530353592e-02
-4.108822186046148101e-02
-2.200494747869794279e-02
2.475303503204576983e-01
-2.826957523113588500e-01
-3.981564192865840596e-02
5.712359908630765259e-01
-6.263134532873452232e-01
3.921110625965201768e-03
9.884439777359134149e-01
-5.784421057218563228e-02
-6.753737330652594129e-02
-1.146721011443362359e-01
-8.773282001480125353e-03
-1.204174696865104449e-01
-2.826723478984008442e-02
-3.454534325022429880e-02
-6.211346451853271694e-02
-1.193960868996873786e-01
-1.216117575873186182e-02
2.714195350095055179e-02
2.606386626725986505e-02
-5.699338700458896068e-02
-2.952633531924853463e-02
6.447886927836196658e-02
-8.280371510372784571e-02
1.293752968302872355e-02
3.411058256665606275e-02
-6.440715263149619785e-02
1.273049098845085436e-01
-5.654437610610771325e-02
-7.009576530183195264e-02
3.875517878275665240e-02
6.412158190011456316e-02
-1.021152853522913906e-01
1.383132453489987479e-01
1.526702596341705243e-01
7.242628271376452820e-02
-4.892374894405627367e-03
-4.416713024999864567e-02
-2.786607830906706607e-01
3.623127525027899365e-01
-2.046575794708054702e-02
-3.164799864928745099e-01
3.380386036688889373e-01
-1.313825996061591672e-01
-1.890728369957440057e-03
3.280950617515622763e-03
-3.201709159039960845e-04
1.385190305209884178e-03
4.143044532239336395e-04
1.409163325155048021e-03
-2.568226451298924722e-03
9.761142361876440268e-04
1.892648400920888532e-03
-1.856279219661182865e-03
-1.451901559115599755e-03
-5.915554853971994416e-04
-1.396324423229878663e-03
2.408128327687094304e-04
1.080342344727782105e-03
6.534776713436895885e-04
-2.931442862887159110e-03
3.567624795209029085e-04
-2.087039521700598532e-01
-1.175420974340235514e-01
1.963575328519505947e-01
-1.442681415035518668e-03
-8.463829186162845353e-02
-9.509548183827956636e-02
-6.736297477850773652e-02
-4.647873175853273198e-02
-1.078143103173845735e-01
5.740313861251921702e-03
1.791686132276221477e-01
-8.478134835295765559e-02
-1.453895618818319968e-01
-7.793797326696833005e-02
3.251566642323609480e-01
2.713298161850393950e-02
-2.634026794958270190e-01
1.164419241704842123e-01
2.485440783775025309e-01
